1,36,20,1,2025-01-12
2,47,20,9,2025-03-16
3,15,18,6,2025-06-16
4,24,3,5,2025-01-20
5,30,10,8,2025-02-11
6,11,4,3,2025-06-20
7,45,10,6,2025-04-05
8,31,15,2,2025-06-06
9,1,5,2,2025-02-15
10,23,9,2,2025-05-08
11,25,10,8,2025-03-22
12,28,1,9,2025-03-04
13,19,19,4,2025-05-17
14,50,7,6,2025-05-29
15,39,1,9,2025-01-23
16,43,17,5,2025-01-22
17,33,5,7,2025-06-22
18,16,6,9,2025-05-13
19,38,15,7,2025-03-17
20,4,14,10,2025-01-11
21,5,3,7,2025-03-31
22,3,3,10,2025-02-02
23,22,11,1,2025-02-14
24,27,8,9,2025-03-12
25,21,10,7,2025-02-13
26,42,19,2,2025-01-11
27,13,3,7,2025-02-02
28,12,19,2,2025-04-25
29,49,10,3,2025-01-13
30,34,14,5,2025-05-04
31,1,20,10,2025-04-01
32,1,8,1,2025-04-06
33,1,13,1,2025-04-06
34,52,8,1,2025-04-13
35,52,7,2,2025-04-13
36,52,10,5,2025-04-13
37,52,6,8,2025-04-13
39,52,20,10,2025-04-13
40,53,8,1,2025-04-13
41,53,7,2,2025-04-13
42,53,12,5,2025-04-13
43,53,6,8,2025-04-13
44,53,9,10,2025-04-13
45,53,20,10,2025-04-13
46,1,12,5,2025-04-13
48,55,11,5,2025-04-13
49,55,12,5,2025-04-13
50,55,7,2,2025-04-14
51,56,20,10,2025-04-18
52,56,8,1,2025-04-18
53,56,15,2,2025-04-18
54,57,13,1,2025-04-18
55,57,7,2,2025-04-18
56,57,15,2,2025-04-18
57,57,10,5,2025-04-18
58,57,20,10,2025-04-18
59,56,19,6,2025-04-18
60,56,6,4,2025-04-18
